102
38.3848971784215 -219.152979090128 0
238.123542984045 -223.068271778977 0
338.274909960852 -224.479381928282 0
439.523487777659 -226.931847628658 0
538.172182394683 -228.20728530909 0
636.288611560523 -231.470871245768 0
738.188816911501 -232.177924869956 0
838.434791789526 -234.183360775992 0
963.661651156247 -237.268064669113 0
1038.41329576529 -237.795802316402 0
1137.97669989578 -240.032777279706 0
1238.32629884168 -241.746248697311 0
1338.3176393903 -243.730192314734 0
1437.9018783275 -245.71552087762 0
1537.85477585254 -247.565901873319 0
1637.83813131377 -249.548992040173 0
1738.18520690908 -251.237610435834 0
1837.85376712826 -253.363283615497 0
1937.90311166857 -255.712208022737 0
2034.09756037036 -257.96661086994 0
2138.08193374581 -258.528648465034 0
2212.41439190527 -261.041504637892 0
2389.91651309795 -264.458121026288 0
2437.98385020126 -265.214530358714 0
2568.22682622959 -267.455775423295 0
2637.94554612216 -268.452180157913 0
2737.32759532032 -270.237090260276 0
2830.23080427745 -272.420296601432 0
2910.65029537939 -281.865785838864 0
3035.14352039997 -292.73794096174 0
3159.56646957793 -244.709692337747 0
3225.3702008181 -286.610877558396 0
43.1191677374767 21.0560026270879 0
143.077270560262 19.0599948657538 0
242.734909837952 17.5115377141388 0
355.332543059141 9.37935247288158 0
409.3250747272 9.14919154030194 0
506.436362181474 0.418394212878855 0
630.5849179463 6.86074671204053 0
743.124009065778 7.60832176162998 0
851.60046551449 6.33031571618951 0
942.958877518571 3.75579341074411 0
1044.01779560461 5.90681705939766 0
1142.94093587694 -0.348707045237777 0
1242.76912934761 -1.86993338284611 0
1343.30401553981 -3.46604021278036 0
1442.86540195419 -5.54764780878826 0
1542.72962818616 -8.00513842537225 0
1639.04539481017 -64.6263894175121 0
1739.1531539899 -68.1523521503449 0
1942.56824612304 -14.5720274604392 0
2042.44516850992 -12.20107198667 0
2139.55488671021 -19.2425278632071 0
2287.44340140937 -20.4270273946651 0
2314.95705529061 -21.8030727687169 0
2342.47070725211 -23.1792181243446 0
2375.54654803064 -23.7133881136045 0
2408.62238880964 -24.2475581028151 0
2617.11547592102 -28.4322633238174 0
2642.33157880093 -28.8773300268031 0
2667.54768168038 -29.3223967297798 0
2705.02984815306 -29.986080770538 0
2742.51201270647 -30.6498647929394 0
2791.59118870208 -31.6327405792355 0
2840.66936488228 -32.6155971680949 0
2966.50299336242 -35.7181527661763 0
3042.96250256702 -38.0404077534768 0
3326.0512451291 -41.7610732563579 0
47.8306641123566 261.120694959662 0
148.065088937461 258.930446726373 0
263.071432528191 275.659201976547 0
385.734480611831 252.710456000673 0
447.61683071592 253.697355022493 0
547.302651807632 250.647480159072 0
646.536921432309 248.771290224804 0
747.67006507546 247.860024589793 0
847.411429159358 245.410894152894 0
946.826142079829 243.608153704684 0
1046.84406787582 242.019072486893 0
1147.0165731732 240.094061830267 0
1247.69715261221 238.272216461691 0
1346.94942046827 236.343671359023 0
1447.9972329958 234.165810445051 0
1547.90688944309 231.574022935186 0
1646.60771647391 230.565433622693 0
1754.44418271181 262.892306724371 0
1846.94486713552 226.774874158175 0
1946.3399834194 225.045423421701 0
2042.11320342855 276.540312431007 0
2135.83705873855 271.25748055535 0
2239.6552583124 243.340591904773 0
2334.31241996902 266.401866409523 0
2594.94729750282 182.268038516096 0
2646.66206605417 181.186547919998 0
2747.06989943842 208.238559679936 0
2847.30134406197 207.40371844402 0
2947.38832818905 204.202214332935 0
3096.70226433634 202.036269486893 0
3147.4711547618 201.959922567443 0
3343.1432625401 197.899370238536 0
3428.28749990906 196.052578304618 0
3492.38033785423 194.96005840174 0
