98
305	0	-1000
405	0	-1000
505	0	-1000
605	0	-1000
705	0	-1000
805	0	-1000
905	0	-1000
1005	0	-1000
1105	0	-1000
1205	0	-1000
1305	0	-1000
1405	0	-1000
1505	0	-1000
1605	0	-1000
1705	0	-1000
1805	0	-1000
1905	0	-1000
2005	0	-1000
2105	0	-1000
2205	0	-1000
2305	0	-1000
2405	0	-1000
2505	0	-1000
2605	0	-1000
2705	0	-1000
2805	0	-1000
2905	0	-1000
3005	0	-1000
3105	0	-1000
3205	0	-1000
3305	0	-1000
3405	0	-1000
3505	0	-1000
3605	0	-1000
3705	0	-1000
3805	0	-1000
3905	0	-1000
4005	0	-1000
4105	0	-1000
4205	0	-1000
4305	0	-1000
4405	0	-1000
4505	0	-1000
4605	0	-1000
4705	0	-1000
4805	0	-1000
4905	0	-1000
5005	0	-1000
5105	0	-1000
5205	0	-1000
5305	0	-1000
5405	0	-1000
5505	0	-1000
5605	0	-1000
5705	0	-1000
5805	0	-1000
5905	0	-1000
6005	0	-1000
6105	0	-1000
6205	0	-1000
6305	0	-1000
6405	0	-1000
6505	0	-1000
6605	0	-1000
6705	0	-1000
6805	0	-1000
6905	0	-1000
7005	0	-1000
7105	0	-1000
7205	0	-1000
7305	0	-1000
7405	0	-1000
7505	0	-1000
7605	0	-1000
7705	0	-1000
7805	0	-1000
7905	0	-1000
8005	0	-1000
8105	0	-1000
8205	0	-1000
8305	0	-1000
8405	0	-1000
8505	0	-1000
8605	0	-1000
8705	0	-1000
8805	0	-1000
8905	0	-1000
9005	0	-1000
9105	0	-1000
9205	0	-1000
9305	0	-1000
9405	0	-1000
9505	0	-1000
9605	0	-1000
9705	0	-1000
9805	0	-1000
9905	0	-1000
10005	0	-1000
